0 20 99 2 33 27 73 39 86 13 32 55 30 88 59 33 24 60 69 80 83 65 98 83 19 89 91 78 75 77 
20 0 31 90 88 62 46 68 56 5 90 70 25 68 91 17 84 4 58 97 100 100 28 35 64 95 12 28 45 26 
99 31 0 13 22 66 46 100 19 30 21 23 28 12 18 6 9 3 58 84 8 48 79 44 26 19 88 8 85 4 
2 90 13 0 76 32 57 61 12 64 77 52 36 93 48 11 22 57 3 37 8 34 41 18 11 66 44 18 39 77 
33 88 22 76 0 98 77 45 4 67 11 98 24 48 86 75 43 47 27 63 48 67 20 49 13 30 51 40 18 97 
27 62 66 32 98 0 88 63 29 13 6 28 80 61 67 55 7 15 61 6 47 62 100 58 75 84 28 19 44 75 
73 46 46 57 77 88 0 49 75 93 38 2 63 48 43 18 92 39 77 48 3 99 30 93 97 1 36 43 92 63 
39 68 100 61 45 63 49 0 15 54 40 6 27 63 55 77 62 25 24 49 67 47 9 24 17 83 47 58 85 94 
86 56 19 12 4 29 75 15 0 34 76 65 57 4 5 92 78 23 84 89 17 67 75 15 86 95 80 66 96 31 
13 5 30 64 67 13 93 54 34 0 79 85 27 1 17 81 47 30 63 78 88 99 26 68 66 37 25 59 85 38 
32 90 21 77 11 6 38 40 76 79 0 71 26 49 89 23 51 44 91 95 79 96 7 55 89 32 85 68 78 37 
55 70 23 52 98 28 2 6 65 85 71 0 17 87 6 15 100 89 71 54 86 66 85 46 9 94 79 25 79 70 
30 25 28 36 24 80 63 27 57 27 26 17 0 52 79 39 74 40 76 70 40 95 72 75 16 5 13 99 21 1 
88 68 12 93 48 61 48 63 4 1 49 87 52 0 67 94 5 33 34 51 28 23 93 71 6 19 76 87 32 78 
59 91 18 48 86 67 43 55 5 17 89 6 79 67 0 38 14 3 31 60 41 77 32 77 14 70 3 6 38 33 
33 17 6 11 75 55 18 77 92 81 23 15 39 94 38 0 78 22 44 19 91 19 50 35 2 40 12 5 6 60 
24 84 9 22 43 7 92 62 78 47 51 100 74 5 14 78 0 7 70 79 38 34 63 3 99 54 59 58 60 31 
60 4 3 57 47 15 39 25 23 30 44 89 40 33 3 22 7 0 88 7 95 55 86 94 67 43 49 53 9 4 
69 58 58 3 27 61 77 24 84 63 91 71 76 34 31 44 70 88 0 21 57 59 53 74 81 34 96 44 53 90 
80 97 84 37 63 6 48 49 89 78 95 54 70 51 60 19 79 7 21 0 59 54 39 1 62 89 90 40 36 81 
83 100 8 8 48 47 3 67 17 88 79 86 40 28 41 91 38 95 57 59 0 59 61 32 49 33 14 52 97 29 
65 100 48 34 67 62 99 47 67 99 96 66 95 23 77 19 34 55 59 54 59 0 81 23 10 25 67 68 20 34 
98 28 79 41 20 100 30 9 75 26 7 85 72 93 32 50 63 86 53 39 61 81 0 67 67 7 27 2 30 53 
83 35 44 18 49 58 93 24 15 68 55 46 75 71 77 35 3 94 74 1 32 23 67 0 84 56 25 39 5 58 
19 64 26 11 13 75 97 17 86 66 89 9 16 6 14 2 99 67 81 62 49 10 67 84 0 38 24 35 2 48 
89 95 19 66 30 84 1 83 95 37 32 94 5 19 70 40 54 43 34 89 33 25 7 56 38 0 23 89 49 98 
91 12 88 44 51 28 36 47 80 25 85 79 13 76 3 12 59 49 96 90 14 67 27 25 24 23 0 6 56 65 
78 28 8 18 40 19 43 58 66 59 68 25 99 87 6 5 58 53 44 40 52 68 2 39 35 89 6 0 69 6 
75 45 85 39 18 44 92 85 96 85 78 79 21 32 38 6 60 9 53 36 97 20 30 5 2 49 56 69 0 82 
77 26 4 77 97 75 63 94 31 38 37 70 1 78 33 60 31 4 90 81 29 34 53 58 48 98 65 6 82 0 
