0 17 32 82 55 51 44 8 38 42 
17 0 63 71 71 90 5 59 47 23 
32 63 0 13 90 6 57 77 93 3 
82 71 13 0 94 11 16 58 17 3 
55 71 90 94 0 96 46 59 31 28 
51 90 6 11 96 0 14 28 88 95 
44 5 57 16 46 14 0 59 26 48 
8 59 77 58 59 28 59 0 6 69 
38 47 93 17 31 88 26 6 0 45 
42 23 3 3 28 95 48 69 45 0 
