0 2 76 22 89 23 58 18 11 89 67 70 92 29 46 11 47 98 15 63 
2 0 78 13 16 88 8 11 57 46 45 90 20 92 56 94 78 63 66 75 
76 78 0 37 48 55 96 1 39 62 53 82 13 41 92 37 39 100 19 56 
22 13 37 0 85 79 82 34 35 26 28 44 20 86 57 16 90 29 29 28 
89 16 48 85 0 68 70 92 10 39 66 74 77 88 59 68 41 24 86 22 
23 88 55 79 68 0 86 6 55 35 49 79 64 49 96 95 21 95 13 88 
58 8 96 82 70 86 0 80 6 20 9 46 43 26 38 42 71 82 98 30 
18 11 1 34 92 6 80 0 95 7 93 29 31 53 98 30 33 37 99 25 
11 57 39 35 10 55 6 95 0 95 17 88 49 13 38 10 92 12 22 72 
89 46 62 26 39 35 20 7 95 0 41 87 57 94 91 98 72 76 66 83 
67 45 53 28 66 49 9 93 17 41 0 96 63 15 57 82 25 38 74 25 
70 90 82 44 74 79 46 29 88 87 96 0 45 19 55 37 60 24 71 2 
92 20 13 20 77 64 43 31 49 57 63 45 0 72 95 76 69 64 46 86 
29 92 41 86 88 49 26 53 13 94 15 19 72 0 9 56 28 32 80 17 
46 56 92 57 59 96 38 98 38 91 57 55 95 9 0 23 64 75 72 45 
11 94 37 16 68 95 42 30 10 98 82 37 76 56 23 0 39 24 14 19 
47 78 39 90 41 21 71 33 92 72 25 60 69 28 64 39 0 91 34 79 
98 63 100 29 24 95 82 37 12 76 38 24 64 32 75 24 91 0 67 6 
15 66 19 29 86 13 98 99 22 66 74 71 46 80 72 14 34 67 0 2 
63 75 56 28 22 88 30 25 72 83 25 2 86 17 45 19 79 6 2 0 
