0 24 33 34 75 48 60 19 59 45 
24 0 60 96 61 73 56 48 7 92 
33 60 0 79 50 36 36 19 85 49 
34 96 79 0 2 42 38 15 5 81 
75 61 50 2 0 12 27 59 41 67 
48 73 36 42 12 0 68 18 73 78 
60 56 36 38 27 68 0 78 98 48 
19 48 19 15 59 18 78 0 43 58 
59 7 85 5 41 73 98 43 0 61 
45 92 49 81 67 78 48 58 61 0 
