0 35 26 54 43 4 95 3 5 94 24 13 37 99 63 5 89 82 74 8 
35 0 51 40 19 65 91 82 90 52 100 49 12 23 71 57 53 74 22 25 
26 51 0 27 47 89 95 33 42 1 79 94 79 98 52 46 14 6 52 43 
54 40 27 0 92 17 37 29 87 55 86 54 33 98 62 92 60 100 39 96 
43 19 47 92 0 62 24 73 18 83 75 64 5 53 86 87 71 30 55 1 
4 65 89 17 62 0 6 22 31 42 99 3 32 53 97 31 17 72 82 2 
95 91 95 37 24 6 0 97 81 92 27 72 30 12 69 27 51 73 6 64 
3 82 33 29 73 22 97 0 55 73 78 51 8 45 26 11 43 8 94 14 
5 90 42 87 18 31 81 55 0 71 21 96 9 70 88 63 44 42 90 60 
94 52 1 55 83 42 92 73 71 0 50 46 65 95 55 51 8 17 48 8 
24 100 79 86 75 99 27 78 21 50 0 77 32 56 38 80 21 71 25 98 
13 49 94 54 64 3 72 51 96 46 77 0 2 15 21 89 13 55 97 59 
37 12 79 33 5 32 30 8 9 65 32 2 0 81 68 25 65 8 78 99 
99 23 98 98 53 53 12 45 70 95 56 15 81 0 17 9 40 45 78 81 
63 71 52 62 86 97 69 26 88 55 38 21 68 17 0 93 91 18 25 49 
5 57 46 92 87 31 27 11 63 51 80 89 25 9 93 0 16 48 29 85 
89 53 14 60 71 17 51 43 44 8 21 13 65 40 91 16 0 46 77 50 
82 74 6 100 30 72 73 8 42 17 71 55 8 45 18 48 46 0 98 97 
74 22 52 39 55 82 6 94 90 48 25 97 78 78 25 29 77 98 0 90 
8 25 43 96 1 2 64 14 60 8 98 59 99 81 49 85 50 97 90 0 
